0 1200
80
0 8109 4500
1 8110 4500
2 8111 4500
3 8112 4500
4 8113 4500
5 8114 4500
6 8115 4500
7 8116 4500
8 8117 4500
9 8118 4500
10 8119 4500
11 8120 4500
12 8121 4500
13 8122 4500
14 8123 4500
15 8124 4500
16 8125 4500
17 8126 4500
18 8127 4500
19 8128 4500
20 8129 4500
21 8130 4500
22 8131 4500
23 8132 4500
24 8133 4500
25 8134 4500
26 8135 4500
27 8136 4500
28 8137 4500
29 8138 4500
30 8139 4500
31 8140 4500
32 8141 4500
33 8142 4500
34 8143 4500
35 8144 4500
36 8145 4500
37 8146 4500
38 8147 4500
39 8148 4500
40 8149 4500
41 8150 4500
42 8151 4500
43 8152 4500
44 8153 4500
45 8154 4500
46 8155 4500
47 8156 4500
48 8157 4500
49 8158 4500
50 8159 4500
51 8160 4500
52 8161 4500
53 8162 4500
54 8163 4500
55 8164 4500
56 8165 4500
57 8166 4500
58 8167 4500
59 8168 4500
60 8169 4500
61 8170 4500
62 8171 4500
63 8172 4500
64 8173 4500
65 8174 4500
66 8175 4500
67 8176 4500
68 8177 4500
69 8178 4500
70 8179 4500
71 8180 4500
72 8181 4500
73 8182 4500
74 8183 4500
75 8184 4500
76 8185 4500
77 8186 4500
78 8187 4500
79 8188 4500
70
0 11200 1800 6
1 12800 1800 6
2 14400 1800 6
3 3200 2700 6
4 4800 2700 6
5 6400 2700 6
6 8000 2700 6
7 9600 2700 6
8 11200 2700 6
9 12800 2700 6
10 14400 2700 6
11 1600 3600 6
12 3200 3600 6
13 4800 3600 6
14 6400 3600 6
15 8000 3600 6
16 9600 3600 6
17 11200 3600 6
18 12800 3600 6
19 14400 3600 6
20 0 4500 6
21 1600 4500 6
22 3200 4500 6
23 4800 4500 6
24 6400 4500 6
25 8000 4500 6
26 9600 4500 6
27 11200 4500 6
28 12800 4500 6
29 14400 4500 6
30 0 5400 6
31 1600 5400 6
32 3200 5400 6
33 4800 5400 6
34 6400 5400 6
35 8000 5400 6
36 9600 5400 6
37 11200 5400 6
38 12800 5400 6
39 14400 5400 6
40 0 6300 6
41 1600 6300 6
42 3200 6300 6
43 4800 6300 6
44 6400 6300 6
45 8000 6300 6
46 9600 6300 6
47 11200 6300 6
48 12800 6300 6
49 14400 6300 6
50 0 7200 6
51 1600 7200 6
52 3200 7200 6
53 4800 7200 6
54 6400 7200 6
55 8000 7200 6
56 9600 7200 6
57 11200 7200 6
58 12800 7200 6
59 14400 7200 6
60 0 8100 6
61 1600 8100 6
62 3200 8100 6
63 4800 8100 6
64 6400 8100 6
65 8000 8100 6
66 9600 8100 6
67 11200 8100 6
68 12800 8100 6
69 14400 8100 6