9000 8000
60
0 1000 1000
1 1500 1500
2 1000 1500
3 1500 1000
4 2000 2000
5 15000 8000
6 15500 8050
7 15000 8050
8 15500 8000
9 15100 8100
10 15000 1000
11 15500 1050
12 15000 1050
13 15500 1000
14 15100 1100
15 1000 8000
16 1050 8050
17 1000 8050
18 1050 8000
19 2000 8999
20 4000 8000
21 4050 8500
22 4000 8500
23 4500 8000
24 5000 8999
25 4000 4000
26 4500 4500
27 4000 4500
28 4500 4000
29 5000 5000
30 8000 4000
31 8500 4500
32 8000 4500
33 8500 4000
34 9000 5000
35 8000 1000
36 8500 1500
37 8000 1500
38 8500 1000
39 9000 2000
40 13000 1000
41 13500 1500
42 13000 1500
43 13500 1000
44 13000 2000
45 13000 4000
46 13500 4500
47 13000 4500
48 13500 4000
49 13000 5000
50 13000 8000
51 13500 8500
52 13000 8500
53 13500 8000
54 13000 8999
55 1000 5000
56 1500 5500
57 1100 5100
58 1300 5300
59 1000 6000
14
0 100 200 10
1 3000 200 5
2 6000 200 10
3 9000 200 5
4 11000 200 10
5 13000 200 10
6 11500 8000 10
7 100 2400 5
8 3000 4000 10
9 6000 6000 10
10 9000 1000 5
11 11000 5000 10
12 13000 5000 10
13 10500 3000 5